examples/mechanics/RockFall/data/dem.asc
ncols         224
nrows         161
xllcorner     891318.69
yllcorner     328987.38
cellsize      2.5
NODATA_value  -9999
[rows 60 to 89 of 161, columns 67 to 133 of 224]
1135.722 1137.041 1138.36 1139.679 1141.192 1142.827 1144.462 1146.097 1147.733 1149.368 1150.678 1151.722 1152.189 1152.307 1153.157 1154.071 1155.001 1155.902 1156.795 1157.749 1158.74 1159.73 1161.417 1163.365 1165.398 1167.452 1169.506 1171.327 1172.894 1174.46 1176.026 1177.593 1179.159 1180.793 1182.811 1184.896 1186.98 1189.063 1191.146 1192.67 1192.723 1194.81 1196.867 1198.609 1200.39 1202.482 1204.468 1206.343 1208.219 1210.641 1212.391 1214.106 1215.782 1217.307 1218.832 1220.241 1221.315 1222.413 1223.51 1224.653 1225.802 1226.964 1228.125 1229.287 1230.441 1231.591 1232.741
1136.216 1137.525 1138.835 1140.187 1141.83 1143.373 1145.026 1146.678 1148.33 1149.983 1151.359 1152.41 1152.443 1152.927 1153.784 1154.641 1155.496 1156.44 1157.384 1158.327 1159.238 1160.449 1162.397 1164.346 1166.294 1168.292 1170.302 1172.095 1173.843 1175.409 1176.975 1178.542 1180.118 1181.83 1183.556 1185.478 1187.553 1189.641 1191.729 1192.565 1193.403 1195.687 1197.732 1199.606 1201.512 1203.412 1205.425 1207.661 1209.898 1211.798 1213.575 1215.324 1217.073 1218.748 1220.184 1221.211 1222.238 1223.291 1224.388 1225.5 1226.645 1227.79 1228.949 1230.107 1231.228 1232.353 1233.488
1136.678 1137.988 1139.298 1140.784 1142.474 1144.037 1145.556 1147.141 1148.793 1150.445 1151.948 1152.759 1152.674 1153.552 1154.407 1155.262 1156.118 1156.975 1157.865 1158.809 1159.752 1161.26 1163.137 1165.117 1167.098 1169.078 1171.018 1172.828 1174.621 1176.358 1177.925 1179.491 1181.155 1182.867 1184.578 1186.319 1188.184 1190.22 1192.295 1192.43 1194.025 1196.289 1198.608 1200.738 1202.633 1204.539 1206.421 1208.368 1210.541 1212.544 1214.521 1216.309 1218.096 1219.883 1221.1 1222.181 1223.209 1224.236 1225.266 1226.364 1227.492 1228.637 1229.782 1230.902 1232.024 1233.145 1234.271
1137.141 1138.451 1139.76 1141.381 1143.07 1144.724 1146.243 1147.762 1149.281 1150.908 1152.473 1152.914 1153.263 1154.138 1155.023 1155.887 1156.742 1157.598 1158.453 1159.309 1160.423 1162.131 1163.839 1165.667 1167.564 1169.544 1171.467 1173.373 1175.279 1177.148 1178.874 1180.481 1182.193 1183.904 1185.616 1187.329 1189.082 1190.932 1191.984 1192.47 1194.647 1196.837 1199.225 1201.728 1203.823 1205.667 1207.566 1209.431 1211.364 1213.202 1215.18 1217.184 1219.032 1220.546 1221.738 1222.928 1224.042 1225.157 1226.234 1227.261 1228.339 1229.484 1230.608 1231.715 1232.822 1233.94 1235.061
1137.523 1138.897 1140.288 1141.977 1143.667 1145.357 1146.93 1148.449 1149.969 1151.488 1152.911 1152.914 1153.66 1154.635 1155.612 1156.491 1157.367 1158.222 1159.078 1159.933 1161.291 1162.943 1164.709 1166.417 1168.219 1170.109 1172.018 1173.921 1175.822 1177.723 1179.624 1181.457 1183.23 1184.941 1186.653 1188.365 1190.091 1191.606 1191.678 1193.376 1195.195 1197.385 1199.843 1202.346 1204.849 1206.908 1208.752 1210.607 1212.595 1214.566 1216.446 1218.284 1220.073 1221.173 1222.362 1223.554 1224.746 1225.87 1226.985 1228.099 1229.214 1230.32 1231.427 1232.534 1233.641 1234.747 1235.856
1137.892 1139.266 1140.812 1142.553 1144.264 1145.954 1147.617 1149.136 1150.656 1152.139 1152.9 1153.076 1154.134 1155.062 1155.99 1156.958 1157.932 1158.847 1159.702 1160.913 1162.312 1163.712 1165.359 1167.167 1168.948 1170.78 1172.691 1174.6 1176.504 1178.408 1180.283 1182.088 1183.881 1185.745 1187.519 1189.303 1191.088 1191.543 1192.351 1194.282 1195.837 1197.958 1200.461 1202.964 1205.466 1207.969 1209.993 1211.807 1213.654 1215.702 1217.75 1219.69 1220.914 1222.014 1223.115 1224.214 1225.37 1226.562 1227.698 1228.813 1229.927 1231.048 1232.172 1233.301 1234.43 1235.559 1236.673
1138.285 1139.659 1141.309 1143.051 1144.792 1146.533 1148.24 1149.824 1151.284 1152.652 1152.89 1153.514 1154.664 1155.7 1156.628 1157.556 1158.484 1159.412 1160.543 1161.931 1163.334 1164.733 1166.133 1167.775 1169.583 1171.47 1173.377 1175.273 1177.182 1179.087 1180.897 1182.62 1184.492 1186.324 1188.162 1190.033 1191.226 1191.382 1193.045 1194.815 1196.585 1198.525 1200.933 1203.34 1205.748 1208.212 1210.912 1213.025 1214.843 1216.701 1218.749 1220.428 1221.538 1222.698 1223.858 1225.018 1226.156 1227.256 1228.378 1229.526 1230.645 1231.766 1232.888 1234.011 1235.14 1236.269 1237.397
1138.677 1140.065 1141.807 1143.548 1145.289 1147.031 1148.772 1150.482 1151.833 1152.875 1152.879 1153.94 1155.105 1156.251 1157.265 1158.193 1159.122 1160.079 1161.559 1162.946 1164.265 1165.7 1167.135 1168.554 1170.202 1172.113 1174.025 1175.936 1177.83 1179.699 1181.511 1183.235 1184.958 1186.8 1188.697 1190.564 1190.886 1192.053 1193.679 1195.427 1197.197 1198.548 1200.643 1203.05 1205.822 1208.967 1211.419 1213.532 1215.646 1217.759 1219.748 1220.965 1222.066 1223.167 1224.327 1225.486 1226.646 1227.806 1228.966 1230.143 1231.359 1232.484 1233.606 1234.727 1235.849 1236.978 1238.107
1139.07 1140.563 1142.304 1144.045 1145.787 1147.608 1149.44 1151.056 1152.566 1153.138 1153.413 1154.477 1155.533 1156.685 1157.839 1158.831 1159.759 1161.095 1162.574 1164.054 1165.333 1166.598 1168.033 1169.469 1170.956 1172.449 1174.28 1176.15 1178.019 1179.888 1181.785 1183.684 1185.504 1187.296 1189.087 1190.08 1190.748 1192.783 1194.391 1196.039 1197.764 1198.928 1200.352 1203.432 1206.568 1209.692 1211.958 1214.087 1216.216 1218.344 1220.264 1221.452 1222.604 1223.704 1224.805 1225.955 1227.115 1228.275 1229.435 1230.672 1231.981 1233.178 1234.311 1235.444 1236.567 1237.688 1238.817
1139.462 1141.06 1142.804 1144.635 1146.467 1148.298 1150.108 1151.629 1153.153 1153.181 1154.069 1155.318 1156.407 1157.394 1158.381 1159.429 1160.632 1162.111 1163.59 1165.069 1166.49 1167.719 1168.948 1170.388 1171.906 1173.424 1174.913 1176.392 1178.208 1180.079 1181.978 1183.876 1185.775 1187.673 1189.402 1189.536 1191.999 1193.725 1195.243 1196.761 1198.131 1199.256 1201.103 1204.169 1207.107 1210.164 1212.381 1214.598 1216.815 1218.977 1220.617 1221.805 1222.994 1224.182 1225.342 1226.443 1227.583 1228.743 1229.903 1231.201 1232.51 1233.82 1234.997 1236.13 1237.263 1238.396 1239.527
1139.847 1141.663 1143.494 1145.325 1147.157 1148.988 1150.681 1152.202 1153.229 1153.277 1154.571 1155.867 1157.157 1158.336 1159.323 1160.453 1161.857 1163.185 1164.606 1166.085 1167.565 1168.876 1170.12 1171.522 1172.856 1174.374 1175.892 1177.378 1178.856 1180.357 1182.272 1184.067 1185.965 1187.863 1189.446 1189.513 1193.078 1195.171 1196.719 1197.977 1198.641 1199.536 1201.912 1205.168 1208.13 1210.837 1213.184 1215.418 1217.651 1219.884 1221.068 1222.218 1223.378 1224.537 1225.723 1226.911 1228.081 1229.212 1230.42 1231.729 1233.039 1234.349 1235.659 1236.817 1237.95 1239.082 1240.285
1140.364 1142.243 1144.122 1146.002 1147.847 1149.678 1151.245 1152.742 1153.327 1153.766 1155.076 1156.367 1157.659 1158.951 1160.351 1161.828 1163.267 1164.582 1165.853 1167.248 1168.644 1170.038 1171.439 1172.841 1174.231 1175.557 1176.883 1178.36 1179.842 1181.408 1182.985 1184.987 1187.129 1189.271 1191.066 1191.152 1194.189 1196.719 1198.049 1199.029 1199.494 1199.959 1202.722 1205.977 1209.196 1211.708 1214.074 1216.439 1218.767 1220.505 1221.632 1222.759 1223.895 1225.055 1226.214 1227.373 1228.533 1229.692 1230.95 1232.258 1233.568 1234.878 1236.188 1237.498 1238.636 1239.769 1241.196
1140.906 1142.787 1144.668 1146.55 1148.431 1150.283 1151.818 1153.312 1153.444 1154.229 1155.549 1156.869 1158.178 1159.47 1161.104 1162.976 1164.642 1166.082 1167.307 1168.529 1169.916 1171.543 1172.965 1174.16 1175.562 1176.936 1178.262 1179.589 1180.945 1182.459 1184.036 1185.613 1187.502 1189.644 1194.42 1194.58 1196.451 1198.121 1198.827 1199.883 1200.513 1201.924 1204.528 1207.422 1210.39 1212.556 1214.921 1217.286 1219.651 1221.014 1222.185 1223.323 1224.45 1225.577 1226.731 1227.891 1229.05 1230.232 1231.516 1232.803 1234.108 1235.414 1236.719 1238.027 1239.323 1240.604 1242.099
1141.448 1143.329 1145.21 1147.076 1148.916 1150.756 1152.502 1153.731 1153.663 1154.847 1156.145 1157.444 1158.743 1160.064 1161.918 1163.729 1165.6 1167.457 1168.811 1170.038 1171.491 1173.039 1174.681 1175.937 1177.095 1178.282 1179.642 1181 1182.37 1183.74 1185.196 1186.721 1188.246 1190.017 1197.069 1197.154 1198.331 1198.864 1199.764 1201.087 1202.054 1204.197 1206.801 1209.311 1211.459 1213.635 1215.786 1218.12 1220.244 1221.433 1222.622 1223.801 1224.967 1226.134 1227.268 1228.408 1229.568 1230.805 1232.089 1233.372 1234.656 1235.961 1237.266 1238.572 1239.877 1241.314 1242.738
1141.99 1143.869 1145.709 1147.549 1149.389 1151.229 1153.051 1153.962 1154.178 1155.504 1156.817 1158.116 1159.414 1161.101 1163.062 1164.846 1166.63 1168.414 1170.301 1171.831 1173.278 1174.73 1176.182 1177.749 1178.908 1180.049 1180.902 1182.292 1183.763 1185.164 1186.534 1187.941 1189.467 1194.429 1198.222 1198.322 1198.737 1199.27 1200.396 1201.869 1203.898 1206.009 1208.118 1210.128 1211.937 1214.285 1216.632 1218.98 1220.663 1221.852 1223.041 1224.23 1225.416 1226.583 1227.749 1228.916 1230.095 1231.378 1232.662 1233.945 1235.229 1236.513 1237.814 1239.119 1240.476 1241.941 1243.378
1142.502 1144.342 1146.182 1148.022 1149.862 1151.702 1153.541 1154.007 1154.695 1156.072 1157.45 1158.785 1160.133 1162.139 1164.144 1165.989 1167.773 1169.557 1172.039 1173.754 1175.177 1176.599 1178.021 1179.444 1180.531 1181.384 1182.237 1183.252 1184.724 1186.195 1187.666 1189.138 1192.497 1197.752 1198.982 1199.065 1199.142 1199.673 1200.88 1202.702 1204.745 1206.919 1208.988 1210.722 1212.415 1214.762 1217.11 1219.273 1221.037 1222.268 1223.474 1224.649 1225.838 1227.027 1228.198 1229.365 1230.612 1231.956 1233.264 1234.536 1235.809 1237.086 1238.369 1239.667 1241.091 1242.556 1244.018
1142.979 1144.815 1146.649 1148.482 1150.316 1152.156 1153.964 1153.974 1155.13 1156.552 1157.973 1159.395 1161.154 1163.176 1165.182 1167.133 1168.917 1171.065 1173.776 1175.677 1177.1 1178.522 1179.945 1180.794 1181.619 1182.719 1183.572 1184.425 1185.684 1187.155 1188.627 1190.233 1196.892 1198.164 1199.608 1199.793 1200.03 1200.479 1201.712 1203.309 1205.4 1207.766 1209.857 1211.317 1212.893 1215.24 1217.475 1219.331 1221.029 1222.633 1223.853 1225.073 1226.293 1227.467 1228.635 1229.814 1231.13 1232.474 1233.818 1235.16 1236.432 1237.704 1238.976 1240.277 1241.705 1243.17 1244.635
1143.496 1145.306 1147.142 1148.978 1150.814 1152.651 1153.932 1154.033 1155.685 1157.264 1158.685 1160.151 1162.16 1164.174 1166.208 1168.225 1170.092 1172.803 1175.514 1177.6 1179.023 1180.258 1181.084 1181.91 1182.736 1183.569 1184.763 1185.76 1186.644 1188.116 1189.587 1192.518 1197.28 1198.54 1200.05 1200.303 1200.642 1201.079 1202.163 1203.589 1205.999 1208.161 1210.336 1211.911 1213.37 1215.671 1217.547 1219.391 1221.074 1222.806 1224.217 1225.437 1226.657 1227.878 1229.098 1230.352 1231.741 1233.033 1234.335 1235.679 1237.023 1238.328 1239.6 1240.97 1242.385 1243.801 1245.25
1144.219 1145.83 1147.633 1149.469 1151.305 1153.144 1153.898 1154.481 1156.132 1157.782 1159.397 1161.157 1163.166 1165.176 1167.196 1169.23 1171.743 1174.541 1177.252 1179.523 1180.549 1181.375 1182.201 1183.026 1183.852 1184.678 1185.61 1186.804 1187.948 1189.076 1191.302 1194.585 1196.94 1198.972 1200.527 1200.858 1200.976 1201.769 1203.099 1204.959 1206.906 1209.218 1210.523 1211.856 1213.858 1215.754 1217.603 1219.45 1221.119 1222.755 1224.582 1225.802 1227.022 1228.242 1229.565 1230.995 1232.354 1233.726 1235.07 1236.36 1237.651 1238.941 1240.243 1241.664 1243.079 1244.494 1245.909
1144.943 1146.553 1148.163 1149.959 1151.8 1153.665 1153.875 1154.966 1156.661 1158.304 1159.947 1162.027 1164.121 1166.182 1168.191 1170.302 1173.107 1175.877 1178.572 1180.518 1181.555 1182.491 1183.317 1184.143 1184.969 1185.795 1186.62 1187.651 1188.845 1190.046 1192.885 1194.93 1196.521 1198.734 1200.787 1201.168 1201.884 1203.28 1204.901 1206.869 1207.998 1209.793 1211.024 1212.203 1213.726 1215.829 1217.573 1219.275 1221.164 1222.8 1224.574 1226.166 1227.426 1228.778 1230.162 1231.648 1233.008 1234.368 1235.728 1237.099 1238.397 1239.687 1240.912 1242.159 1243.609 1245.058 1246.508
1145.701 1147.316 1148.931 1150.585 1152.428 1153.99 1153.946 1155.458 1157.138 1158.852 1160.631 1162.725 1164.818 1166.87 1168.917 1171.417 1174.137 1176.833 1179.529 1180.909 1182.01 1183.112 1184.08 1185.033 1185.986 1186.911 1187.737 1188.563 1189.693 1191.066 1193.725 1195.317 1196.908 1198.499 1200.504 1201.156 1202.057 1204.809 1206.573 1207.952 1209.331 1210.709 1212.224 1213.311 1214.603 1216.285 1217.764 1219.351 1220.925 1222.318 1224.097 1226.041 1227.992 1229.376 1230.768 1232.301 1233.661 1235.021 1236.381 1237.741 1239.101 1240.404 1241.608 1242.812 1244.075 1245.525 1246.975
1146.563 1148.178 1149.792 1151.407 1153.319 1154.299 1154.554 1156.223 1157.901 1159.578 1161.121 1163.21 1165.258 1167.305 1169.352 1172.055 1175.063 1177.789 1180.198 1181.3 1182.401 1183.503 1184.604 1185.652 1186.605 1187.558 1188.511 1189.464 1190.633 1192.179 1194.112 1195.703 1197.294 1198.882 1200.465 1200.885 1202.3 1206.478 1208.079 1209.457 1210.816 1212.008 1213.199 1214.765 1215.997 1217.231 1218.751 1220.064 1221.339 1222.528 1223.942 1225.73 1227.806 1229.777 1231.424 1232.955 1234.315 1235.674 1237.078 1238.499 1239.764 1241.379 1242.391 1243.508 1244.711 1245.991 1247.441
1147.333 1149.04 1150.654 1152.269 1154.186 1154.612 1155.435 1157.131 1158.808 1160.428 1161.908 1163.532 1165.622 1167.711 1169.786 1172.694 1175.701 1178.708 1180.589 1181.69 1182.792 1183.893 1184.995 1186.096 1187.198 1188.177 1189.13 1190.126 1191.575 1193.118 1194.556 1196.064 1197.647 1199.231 1200.738 1202.178 1203.97 1208.147 1209.584 1210.884 1212.075 1213.392 1214.748 1215.906 1217.201 1218.498 1220.098 1221.551 1222.454 1223.534 1224.766 1226.153 1227.953 1229.797 1231.743 1233.521 1235.101 1236.522 1237.943 1239.174 1240.305 1242.168 1243.448 1244.456 1245.464 1246.611 1247.908
1147.717 1149.602 1151.487 1153.131 1154.979 1154.898 1156.277 1158.038 1159.716 1161.229 1162.708 1164.188 1165.944 1168.033 1170.177 1173.189 1176.202 1179.232 1181.036 1182.338 1183.387 1184.436 1185.485 1186.534 1187.588 1188.69 1189.749 1191.032 1192.402 1194.181 1196.05 1197.687 1199.025 1200.363 1202.806 1204.678 1206.126 1209.71 1211.02 1212.375 1213.731 1215.087 1216.43 1217.51 1218.571 1219.646 1221.248 1222.965 1223.89 1224.763 1226.013 1227.244 1228.611 1230.226 1231.955 1233.567 1234.897 1237.146 1238.589 1239.671 1241.1 1242.958 1244.506 1245.514 1246.522 1247.53 1248.538
1148.101 1149.987 1151.879 1153.771 1155.088 1155.166 1157.013 1158.86 1160.55 1162.03 1163.509 1164.988 1166.468 1168.355 1170.641 1173.654 1176.689 1179.737 1181.266 1182.65 1184.035 1185.283 1186.332 1187.381 1188.431 1189.48 1190.639 1191.907 1193.374 1195.244 1197.113 1198.983 1200.817 1202.156 1205.143 1207.066 1208.394 1211.298 1212.736 1214.071 1215.427 1216.783 1218.043 1219.108 1220.164 1221.131 1222.279 1223.641 1225.145 1226.287 1227.378 1228.647 1229.871 1231.017 1232.348 1233.55 1234.679 1236.143 1238.574 1240.212 1241.969 1243.747 1245.484 1246.572 1247.58 1248.588 1249.596
1148.725 1150.615 1152.506 1154.398 1155.156 1155.821 1157.787 1159.754 1161.202 1162.588 1164.17 1165.752 1167.268 1168.747 1171.105 1174.147 1177.195 1180.11 1181.495 1182.88 1184.265 1185.65 1187.035 1188.229 1189.278 1190.395 1191.58 1192.613 1193.889 1195.491 1197.539 1199.588 1201.636 1203.685 1207.308 1209.404 1210.278 1212.888 1214.613 1215.868 1217.122 1218.478 1219.644 1220.647 1221.614 1222.581 1223.653 1225.015 1226.419 1227.718 1228.951 1230.211 1231.512 1232.45 1233.305 1234.228 1235.279 1236.61 1238.443 1240.753 1242.8 1244.536 1246.273 1247.629 1248.637 1249.645 1251.064
1149.476 1151.319 1153.162 1155.04 1155.234 1156.674 1158.772 1160.516 1161.89 1163.263 1164.637 1166.145 1167.727 1169.309 1171.604 1174.652 1177.7 1180.34 1181.725 1183.11 1184.495 1185.879 1187.264 1188.649 1190.08 1191.117 1192.15 1193.265 1194.597 1195.93 1197.597 1199.645 1201.694 1204.959 1209.169 1211.343 1211.989 1214.478 1216.203 1217.783 1219.001 1220.158 1221.13 1222.097 1223.064 1224.031 1225.027 1226.389 1227.801 1229.004 1230.337 1231.634 1232.906 1233.961 1234.995 1235.676 1236.78 1238.079 1240.442 1242.174 1243.717 1245.326 1247.063 1248.687 1249.695 1251.121 1252.843
1150.295 1152.132 1153.973 1155.438 1155.406 1157.46 1159.712 1161.204 1162.578 1163.951 1165.325 1166.699 1168.121 1169.703 1172.306 1175.157 1178.205 1180.57 1181.954 1183.339 1184.724 1186.174 1187.729 1189.285 1190.622 1191.686 1192.719 1193.973 1195.305 1196.638 1197.97 1199.703 1202.425 1206.666 1210.713 1212.896 1213.131 1215.409 1217.4 1219.391 1220.663 1221.546 1222.499 1223.547 1224.514 1225.481 1226.448 1227.771 1229.057 1230.39 1231.671 1232.943 1234.018 1235.145 1236.709 1238.124 1239.225 1240.635 1242.12 1244 1244.798 1246.299 1247.979 1249.605 1251.2 1252.904 1254.439
1151.145 1152.958 1154.791 1155.478 1156.171 1158.447 1160.439 1161.819 1163.2 1164.585 1165.969 1167.354 1168.739 1170.245 1173.013 1175.853 1178.711 1180.799 1182.239 1183.795 1185.35 1186.906 1188.461 1190.012 1191.163 1192.256 1193.349 1194.681 1196.013 1197.346 1198.678 1200.355 1204.027 1208.222 1211.682 1214.37 1214.573 1216.557 1218.726 1220.537 1221.84 1222.934 1223.817 1224.88 1225.963 1226.931 1227.898 1229.152 1230.437 1231.685 1232.754 1233.823 1234.892 1236.009 1237.586 1239.157 1241.003 1242.98 1244.155 1244.757 1245.91 1247.281 1248.641 1250.071 1251.506 1253.181 1254.892
1151.885 1153.817 1155.194 1155.297 1157.218 1159.459 1161.052 1162.433 1163.814 1165.195 1166.576 1167.961 1169.345 1171.45 1174.201 1176.952 1179.352 1181.223 1182.838 1184.447 1186.056 1187.638 1189.193 1190.554 1191.704 1192.825 1194.057 1195.389 1197.042 1198.94 1200.837 1202.735 1205.385 1209.62 1212.735 1215.668 1216.055 1217.89 1220.15 1221.453 1222.756 1224.059 1225.205 1226.127 1227.26 1228.378 1229.348 1230.421 1231.491 1232.56 1233.629 1234.698 1235.767 1236.874 1238.449 1240.027 1242.177 1243.353 1244.699 1246.467 1248.107 1248.963 1250.27 1251.449 1252.549 1253.875 1255.393
