examples/mechanics/RockFall/data/dem.asc
ncols         224
nrows         161
xllcorner     891318.69
yllcorner     328987.38
cellsize      2.5
NODATA_value  -9999
[rows 30 to 59 of 161, columns 0 to 66 of 224]
-9999 -9999 -9999 -9999 -9999 -9999 -9999 -9999 -9999 -9999 -9999 -9999 -9999 -9999 -9999 -9999 1151.072 1149.487 1147.859 1146.23 1144.539 1142.805 1141.071 1139.121 1136.824 1134.632 1132.47 1130.307 1128.275 1126.275 1124.262 1122.228 1120.351 1120 1120 1120 1120 1120 1120 1120 1120 1120 1120 1120 1120 1120 1120 1120 1120 1120 1120 1120 1120 1120 1120 1120 1120 1120.337 1120.823 1121.31 1121.797 1122.284 1122.77 1123.256 1123.74 1124.223 1124.688
-9999 -9999 -9999 -9999 -9999 -9999 -9999 -9999 -9999 -9999 -9999 -9999 -9999 -9999 -9999 1152.026 1150.409 1148.806 1147.177 1145.549 1143.92 1142.227 1140.492 1138.355 1136.058 1133.761 1131.562 1129.446 1127.432 1125.418 1123.396 1121.363 1120 1120 1120 1120 1120 1120 1120 1120 1120 1120 1120 1120 1120 1120 1120 1120 1120 1120 1120 1120 1120 1120 1120 1120 1120.186 1120.672 1121.159 1121.646 1122.133 1122.619 1123.106 1123.593 1124.079 1124.563 1125.046
-9999 -9999 -9999 -9999 -9999 -9999 -9999 -9999 -9999 -9999 -9999 -9999 -9999 -9999 -9999 1151.357 1149.753 1148.125 1146.496 1144.868 1143.239 1141.611 1139.887 1137.59 1135.293 1132.996 1130.695 1128.644 1126.669 1124.715 1122.797 1120.808 1120 1120 1120 1120 1120 1120 1120 1120 1120 1120 1120 1120 1120 1120 1120 1120 1120 1120 1120 1120 1120 1120 1120 1120.035 1120.521 1121.008 1121.495 1121.982 1122.468 1122.955 1123.442 1123.929 1124.415 1124.901 1125.385
-9999 -9999 -9999 -9999 -9999 -9999 -9999 -9999 -9999 -9999 -9999 -9999 -9999 -9999 1152.311 1150.687 1149.072 1147.443 1145.815 1144.186 1142.526 1140.819 1139.118 1136.9 1134.574 1132.231 1129.889 1127.929 1126.024 1124.155 1122.29 1120.301 1120 1120 1120 1120 1120 1119.991 1119.947 1119.902 1119.911 1119.945 1119.992 1120 1120 1120 1120 1120 1120 1120 1120 1120 1120 1120 1120 1120.247 1120.861 1121.344 1121.831 1122.317 1122.804 1123.291 1123.777 1124.264 1124.751 1125.238 1125.724
-9999 -9999 -9999 -9999 -9999 -9999 -9999 -9999 -9999 -9999 -9999 -9999 -9999 1153.136 1151.586 1150.018 1148.356 1146.649 1144.943 1143.236 1141.529 1139.824 1138.128 1136.433 1134.084 1131.697 1129.453 1127.5 1125.555 1123.595 1121.777 1120 1120 1120 1120 1119.97 1119.926 1119.881 1119.837 1119.792 1119.788 1119.821 1119.924 1120 1120 1120 1120 1120 1120 1120 1120 1120 1120 1120 1120 1120.41 1121.03 1121.65 1122.173 1122.656 1123.14 1123.626 1124.113 1124.6 1125.087 1125.573 1126.06
-9999 -9999 -9999 -9999 -9999 -9999 -9999 -9999 -9999 -9999 -9999 -9999 -9999 1152.373 1150.819 1149.064 1147.484 1145.723 1143.961 1142.239 1140.532 1138.833 1137.138 1135.442 1133.656 1131.269 1129.085 1127.126 1125.17 1123.187 1121.218 1120 1119.994 1119.949 1119.905 1119.861 1119.816 1119.772 1119.727 1119.683 1119.665 1119.698 1119.857 1120 1120 1120 1120 1120 1120 1120 1120 1120 1120 1120 1120 1120.572 1121.193 1121.813 1122.433 1123.002 1123.485 1123.968 1124.452 1124.936 1125.422 1125.909 1126.396
-9999 -9999 -9999 -9999 -9999 -9999 -9999 -9999 -9999 -9999 -9999 -9999 1153.16 1151.577 1149.822 1148.068 1146.367 1144.904 1143.179 1141.418 1139.657 1137.902 1136.168 1134.452 1132.757 1130.84 1128.747 1126.766 1124.762 1122.71 1120.658 1119.957 1119.894 1119.84 1119.795 1119.751 1119.706 1119.662 1119.617 1119.573 1119.541 1119.61 1119.789 1119.878 1119.937 1119.994 1120 1120 1120 1120 1120 1120 1120 1120 1120.115 1120.735 1121.355 1121.975 1122.595 1123.216 1123.83 1124.313 1124.797 1125.28 1125.763 1126.247 1126.731
-9999 -9999 -9999 -9999 -9999 -9999 -9999 -9999 -9999 -9999 -9999 -9999 1152.335 1150.581 1148.826 1147.071 1145.317 1143.771 1142.307 1140.636 1138.879 1137.123 1135.367 1133.619 1131.885 1130.151 1128.065 1125.953 1123.935 1121.889 1119.995 1119.932 1119.869 1119.806 1119.743 1119.68 1119.617 1119.554 1119.507 1119.463 1119.418 1119.537 1119.602 1119.668 1119.73 1119.787 1119.844 1119.902 1119.959 1120 1120 1120 1120 1120 1120.278 1120.898 1121.518 1122.138 1122.758 1123.378 1123.998 1124.619 1125.142 1125.625 1126.109 1126.592 1127.075
-9999 -9999 -9999 -9999 -9999 -9999 -9999 -9999 -9999 -9999 -9999 1153.094 1151.339 1149.584 1147.83 1146.075 1144.32 1142.638 1141.175 1139.635 1138.045 1136.311 1134.577 1132.833 1131.077 1129.253 1127.173 1125.085 1123.079 1121.069 1119.97 1119.907 1119.844 1119.781 1119.718 1119.655 1119.592 1119.477 1119.361 1119.245 1119.129 1119.18 1119.26 1119.339 1119.42 1119.502 1119.583 1119.664 1119.746 1119.81 1119.867 1119.924 1119.982 1120 1120.44 1121.06 1121.681 1122.301 1122.921 1123.541 1124.161 1124.781 1125.401 1125.97 1126.454 1126.937 1127.42
-9999 -9999 -9999 -9999 -9999 -9999 -9999 -9999 -9999 -9999 -9999 1152.036 1150.314 1148.588 1146.833 1145.078 1143.324 1141.569 1140.042 1138.206 1136.564 1135.207 1133.582 1131.848 1130.114 1128.14 1126.131 1124.113 1122.09 1120.114 1119.604 1119.502 1119.387 1119.271 1119.155 1119.039 1118.923 1118.807 1118.691 1118.575 1118.459 1118.495 1118.575 1118.657 1118.74 1118.822 1118.903 1118.985 1119.066 1119.147 1119.229 1119.309 1119.571 1119.94 1120.556 1121.218 1121.843 1122.463 1123.083 1123.704 1124.324 1124.944 1125.564 1126.184 1126.799 1127.282 1127.766
-9999 -9999 -9999 -9999 -9999 -9999 -9999 -9999 -9999 -9999 1152.458 1150.836 1149.096 1147.367 1145.645 1143.922 1142.199 1140.477 1138.623 1136.776 1134.949 1133.592 1132.236 1130.854 1128.972 1126.942 1124.926 1122.907 1120.853 1119.673 1119.186 1118.761 1118.682 1118.598 1118.482 1118.367 1118.252 1118.136 1118.021 1117.905 1117.789 1117.811 1117.893 1117.977 1118.06 1118.142 1118.223 1118.303 1118.382 1118.495 1118.864 1119.233 1119.601 1119.97 1120.61 1121.274 1121.938 1122.601 1123.237 1123.862 1124.486 1125.107 1125.727 1126.347 1126.967 1127.587 1128.111
-9999 -9999 -9999 -9999 -9999 -9999 -9999 -9999 -9999 1152.908 1151.172 1149.551 1147.92 1146.169 1144.421 1142.698 1140.976 1139.173 1137.265 1135.358 1133.499 1131.977 1130.621 1129.205 1127.595 1125.564 1123.679 1121.653 1120.16 1119.347 1118.86 1118.373 1117.916 1117.844 1117.761 1117.677 1117.578 1117.463 1117.347 1117.232 1117.117 1117.128 1117.21 1117.293 1117.375 1117.456 1117.535 1117.787 1118.156 1118.525 1118.894 1119.263 1119.632 1120.001 1120.664 1121.328 1121.992 1122.656 1123.319 1123.983 1124.631 1125.256 1125.881 1126.507 1127.13 1127.75 1128.37
-9999 -9999 -9999 -9999 -9999 -9999 -9999 -9999 -9999 1151.535 1149.887 1148.266 1146.645 1144.992 1143.241 1141.489 1139.725 1137.818 1135.91 1134.002 1132.095 1130.362 1128.926 1127.46 1125.995 1124.139 1122.272 1120.867 1119.507 1119.02 1118.533 1118.046 1117.559 1117.072 1117.007 1116.923 1116.839 1116.755 1116.672 1116.558 1116.443 1116.447 1116.528 1116.609 1116.689 1117.065 1117.449 1117.818 1118.186 1118.555 1118.924 1119.293 1119.662 1120.055 1120.719 1121.382 1122.046 1122.71 1123.374 1124.037 1124.701 1125.365 1126.024 1126.65 1127.275 1127.9 1128.526
-9999 -9999 -9999 -9999 -9999 -9999 -9999 -9999 1152.147 1150.223 1148.602 1146.981 1145.36 1143.738 1142.064 1140.313 1138.918 1137.194 1135.25 1133.307 1131.363 1129.085 1127.403 1125.818 1124.25 1122.714 1121.042 1120.205 1119.181 1118.693 1118.206 1117.719 1117.232 1116.745 1116.258 1116.167 1116.085 1116.002 1115.918 1115.834 1115.75 1115.766 1115.847 1115.929 1116.01 1116.369 1116.99 1117.611 1118.217 1118.585 1118.954 1119.323 1119.692 1120.109 1120.773 1121.437 1122.1 1122.764 1123.428 1124.092 1124.755 1125.419 1126.083 1126.746 1127.41 1128.044 1128.669
-9999 -9999 -9999 -9999 -9999 -9999 -9999 1152.718 1150.747 1148.717 1147.068 1145.511 1143.954 1142.397 1140.832 1139.351 1138.034 1136.717 1134.81 1132.866 1130.923 1128.392 1126.212 1124.627 1123.042 1121.687 1120.157 1119.537 1118.854 1118.367 1117.88 1117.393 1116.906 1116.419 1115.932 1115.444 1115.322 1115.248 1115.164 1115.08 1115.001 1115.08 1115.164 1115.248 1115.33 1115.674 1116.294 1116.915 1117.536 1118.157 1118.778 1119.353 1119.722 1120.164 1120.827 1121.491 1122.155 1122.818 1123.482 1124.146 1124.81 1125.473 1126.137 1126.801 1127.464 1128.128 1128.792
-9999 -9999 -9999 -9999 -9999 -9999 -9999 1151.307 1149.273 1147.114 1145.291 1143.587 1141.926 1140.369 1139.333 1138.441 1137.149 1135.833 1134.37 1132.426 1130.483 1127.698 1125.021 1123.436 1121.851 1120.825 1119.52 1118.959 1118.478 1118.022 1117.553 1117.066 1116.579 1116.092 1115.605 1115.118 1114.631 1114.477 1114.41 1114.326 1114.358 1114.592 1114.589 1114.673 1114.757 1115.105 1115.718 1116.331 1116.944 1117.557 1118.171 1118.784 1119.496 1120.217 1120.917 1121.581 1122.246 1122.91 1123.575 1124.239 1124.904 1125.568 1126.232 1126.897 1127.561 1128.226 1128.89
-9999 -9999 -9999 -9999 -9999 -9999 1151.866 1149.886 1147.727 1145.567 1143.569 1141.865 1140.161 1139.095 1138.193 1137.319 1136.226 1134.94 1133.631 1131.986 1130.043 1127.005 1123.942 1122.246 1120.823 1119.964 1119.092 1118.528 1118.017 1117.562 1117.105 1116.65 1116.194 1115.738 1115.278 1114.791 1114.304 1113.817 1113.632 1113.572 1113.801 1114.073 1114.325 1114.243 1114.237 1114.605 1115.218 1115.884 1116.608 1117.332 1118.056 1118.781 1119.505 1120.225 1120.94 1121.654 1122.368 1123.063 1123.727 1124.392 1125.056 1125.721 1126.385 1127.049 1127.714 1128.378 1129.043
-9999 -9999 -9999 -9999 -9999 -9999 1150.455 1148.34 1146.18 1144.021 1141.862 1140.143 1139.084 1138.084 1137.085 1136.18 1135.298 1134.012 1132.725 1131.43 1129.374 1126.312 1123.249 1121.055 1119.962 1119.235 1118.667 1118.101 1117.553 1117.098 1116.642 1116.187 1115.731 1115.276 1114.82 1114.365 1113.909 1113.453 1112.997 1112.98 1113.291 1113.553 1113.787 1114.058 1113.976 1114.468 1115.189 1115.91 1116.63 1117.351 1118.072 1118.793 1119.513 1120.234 1120.948 1121.662 1122.376 1123.09 1123.804 1124.518 1125.209 1125.873 1126.538 1127.202 1127.866 1128.531 1129.195
-9999 -9999 -9999 -9999 -9999 1151.121 1148.953 1146.793 1144.634 1142.482 1140.378 1139.075 1138.074 1137.074 1136.075 1135.075 1134.166 1133.083 1131.797 1130.511 1128.495 1125.533 1122.555 1119.959 1119.382 1118.814 1118.246 1117.674 1117.101 1116.589 1116.106 1115.623 1115.141 1114.658 1114.175 1113.692 1113.209 1112.726 1112.244 1112.389 1112.731 1113.054 1113.396 1113.589 1113.801 1114.516 1115.232 1115.947 1116.663 1117.379 1118.094 1118.81 1119.526 1120.241 1120.955 1121.67 1122.384 1123.098 1123.813 1124.527 1125.241 1125.955 1126.669 1127.355 1128.019 1128.683 1129.348
-9999 -9999 -9999 -9999 -9999 1149.863 1147.57 1145.465 1143.361 1141.256 1139.502 1138.267 1137.173 1136.115 1135.065 1134.065 1133.065 1132.152 1130.869 1129.307 1127.167 1124.205 1121.243 1119.646 1119.036 1118.426 1117.817 1117.247 1116.676 1116.135 1115.633 1115.132 1114.63 1114.128 1113.626 1113.125 1112.606 1112.083 1111.56 1111.762 1112.115 1112.468 1112.817 1113.218 1113.816 1114.525 1115.239 1115.954 1116.67 1117.385 1118.101 1118.817 1119.532 1120.248 1120.962 1121.676 1122.391 1123.105 1123.819 1124.534 1125.248 1125.962 1126.677 1127.391 1128.105 1128.819 1129.5
-9999 -9999 -9999 -9999 1151.54 1149.138 1146.735 1144.332 1142.134 1140.03 1138.782 1137.547 1136.329 1135.271 1134.212 1133.154 1132.096 1131.055 1129.902 1127.768 1125.635 1122.877 1119.983 1119.372 1118.762 1118.151 1117.542 1116.924 1116.3 1115.686 1115.163 1114.64 1114.117 1113.594 1113.071 1112.548 1112.025 1111.502 1110.968 1111.025 1111.438 1111.84 1112.202 1112.941 1113.751 1114.541 1115.25 1115.961 1116.677 1117.392 1118.108 1118.824 1119.539 1120.255 1120.969 1121.683 1122.398 1123.112 1123.826 1124.541 1125.255 1125.969 1126.684 1127.398 1128.112 1128.827 1129.636
-9999 -9999 -9999 1153.218 1150.808 1148.392 1145.976 1143.56 1141.144 1139.297 1138.062 1136.827 1135.592 1134.426 1133.368 1132.31 1131.252 1130.194 1128.315 1126.229 1124.095 1121.549 1119.709 1119.099 1118.488 1117.878 1117.269 1116.658 1116.042 1115.423 1114.803 1114.183 1113.562 1113.013 1112.49 1111.967 1111.444 1110.921 1110.381 1110.287 1110.745 1111.213 1111.977 1112.781 1113.592 1114.403 1115.214 1115.974 1116.684 1117.399 1118.115 1118.831 1119.546 1120.261 1120.976 1121.69 1122.404 1123.119 1123.833 1124.547 1125.262 1125.976 1126.69 1127.473 1128.298 1129.123 1129.948
-9999 -9999 -9999 1152.225 1149.809 1147.393 1144.977 1142.561 1140.222 1138.662 1137.325 1136.107 1134.872 1133.636 1132.524 1131.466 1130.408 1128.732 1126.669 1124.606 1122.543 1120.221 1119.435 1118.826 1118.218 1117.609 1117 1116.389 1115.776 1115.164 1114.549 1113.928 1113.308 1112.688 1112.068 1111.447 1110.863 1110.34 1110.086 1110.04 1110.253 1111.045 1111.811 1112.622 1113.433 1114.244 1115.055 1115.865 1116.676 1117.408 1118.122 1118.837 1119.553 1120.268 1120.983 1121.697 1122.411 1123.126 1123.84 1124.554 1125.31 1126.135 1126.96 1127.785 1128.61 1129.435 1130.416
-9999 -9999 1153.642 1151.226 1148.81 1146.394 1143.978 1141.643 1139.573 1138.093 1136.613 1135.354 1134.137 1132.917 1131.681 1130.621 1129.149 1127.086 1125.023 1122.981 1121.013 1119.732 1119.162 1118.55 1117.941 1117.332 1116.723 1116.113 1115.501 1114.889 1114.281 1113.673 1113.055 1112.434 1111.814 1111.194 1110.573 1110 1110.022 1110 1110.076 1110.841 1111.651 1112.463 1113.273 1114.084 1114.895 1115.706 1116.517 1117.328 1118.132 1118.844 1119.56 1120.275 1120.989 1121.704 1122.418 1123.146 1123.971 1124.796 1125.621 1126.447 1127.271 1128.097 1128.922 1129.747 1130.914
-9999 1155.006 1152.643 1150.227 1147.811 1145.396 1143.065 1140.755 1139.004 1137.524 1136.044 1134.599 1133.382 1132.166 1130.949 1129.571 1127.602 1125.634 1123.666 1121.698 1119.924 1119.372 1118.819 1118.259 1117.669 1117.057 1116.445 1115.839 1115.232 1114.623 1114.011 1113.4 1112.791 1112.181 1111.561 1110.94 1110.32 1110 1110 1110 1110 1110.681 1111.492 1112.303 1113.114 1113.925 1114.736 1115.547 1116.358 1117.169 1117.98 1118.791 1119.567 1120.282 1120.996 1121.808 1122.633 1123.458 1124.283 1125.108 1125.933 1126.758 1127.583 1128.408 1129.234 1130.094 1131.412
-9999 1154.001 1151.639 1149.229 1146.813 1144.486 1142.176 1139.914 1138.434 1136.954 1135.474 1133.994 1132.627 1131.411 1130.194 1128.314 1126.319 1124.35 1122.382 1120.414 1119.564 1119.012 1118.459 1117.907 1117.346 1116.779 1116.176 1115.57 1114.967 1114.358 1113.746 1113.135 1112.523 1111.912 1111.301 1110.687 1110.067 1110 1110 1110 1110 1110.408 1111.223 1112.038 1112.853 1113.668 1114.483 1115.298 1116.113 1116.928 1117.743 1118.558 1119.404 1120.41 1121.295 1122.12 1122.945 1123.77 1124.595 1125.42 1126.245 1127.07 1127.895 1128.72 1129.545 1130.592 1131.911
-9999 -9999 1150.633 1148.23 1145.907 1143.598 1141.288 1139.345 1137.865 1136.385 1134.905 1133.425 1131.945 1130.656 1129.075 1127.07 1125.064 1123.067 1121.099 1119.756 1119.204 1118.651 1118.099 1117.547 1116.995 1116.434 1115.866 1115.266 1114.662 1114.088 1113.477 1112.865 1112.254 1111.643 1111.032 1110.421 1110 1110 1110 1110 1110 1110.101 1110.916 1111.731 1112.546 1113.361 1114.176 1114.991 1115.807 1116.622 1117.485 1118.375 1119.266 1120.218 1121.457 1122.432 1123.257 1124.082 1124.907 1125.732 1126.557 1127.382 1128.207 1129.032 1129.857 1131.09 1132.409
-9999 -9999 -9999 1147.329 1145.019 1142.709 1140.399 1138.776 1137.296 1135.816 1134.336 1132.856 1131.376 1129.86 1127.844 1125.828 1123.819 1121.814 1119.948 1119.396 1118.844 1118.291 1117.739 1117.187 1116.634 1116.082 1115.522 1114.926 1114.349 1113.779 1113.203 1112.592 1111.981 1111.37 1110.759 1110.147 1110 1110 1110 1110 1110 1110 1110.609 1111.424 1112.24 1113.055 1113.87 1114.685 1115.565 1116.456 1117.347 1118.237 1119.128 1120.026 1121.265 1122.504 1123.568 1124.394 1125.219 1126.044 1126.869 1127.694 1128.519 1129.344 1130.27 1131.589 1132.908
-9999 -9999 -9999 -9999 1144.164 1141.821 1139.687 1138.207 1136.727 1135.202 1133.672 1132.142 1130.611 1128.948 1127.109 1125.093 1123.077 1121.061 1119.72 1119.129 1118.538 1117.974 1117.418 1116.861 1116.304 1115.747 1115.191 1114.614 1114.038 1113.468 1112.898 1112.318 1111.707 1111.096 1110.485 1110 1110 1110 1110 1110 1110 1110 1110.303 1111.118 1111.933 1112.755 1113.646 1114.537 1115.427 1116.318 1117.209 1118.099 1118.99 1119.88 1121.073 1122.312 1123.551 1124.705 1125.531 1126.355 1127.181 1128.006 1128.831 1129.656 1130.769 1132.087 1133.406
-9999 -9999 -9999 -9999 -9999 1141.013 1138.992 1137.462 1135.932 1134.401 1132.871 1131.341 1129.722 1128.029 1126.336 1124.358 1122.342 1120.326 1119.505 1118.914 1118.323 1117.732 1117.141 1116.561 1116.005 1115.448 1114.891 1114.301 1113.727 1113.157 1112.587 1112.017 1111.434 1110.823 1110.211 1110 1110 1110 1110 1110 1110 1110 1110 1110.836 1111.727 1112.618 1113.508 1114.399 1115.289 1116.18 1117.071 1117.961 1118.852 1119.743 1120.881 1122.12 1123.359 1124.598 1125.837 1126.667 1127.492 1128.318 1129.143 1129.968 1131.267 1132.586 1133.905
