examples/mechanics/RockFall/data/dem.asc
ncols         224
nrows         161
xllcorner     891318.69
yllcorner     328987.38
cellsize      2.5
NODATA_value  -9999
[rows 60 to 89 of 161, columns 0 to 66 of 224]
-9999 -9999 -9999 -9999 -9999 -9999 1138.338 1136.661 1135.131 1133.601 1132.07 1130.495 1128.802 1127.109 1125.416 1123.623 1121.607 1119.88 1119.289 1118.698 1118.107 1117.516 1116.925 1116.334 1115.743 1115.152 1114.586 1113.993 1113.415 1112.845 1112.275 1111.705 1111.135 1110.549 1110 1110 1110 1110 1110 1110 1110 1110 1110 1110.565 1111.505 1112.444 1113.37 1114.261 1115.151 1116.042 1116.933 1117.823 1118.714 1119.604 1120.689 1121.928 1123.167 1124.406 1125.645 1126.884 1127.804 1128.629 1129.454 1130.447 1131.766 1133.084 1134.403
-9999 -9999 -9999 -9999 -9999 -9999 -9999 -9999 1134.33 1132.8 1131.268 1129.575 1127.882 1126.189 1124.496 1122.804 1120.872 1119.665 1119.074 1118.483 1117.892 1117.301 1116.71 1116.115 1115.52 1114.925 1114.331 1113.746 1113.157 1112.577 1111.998 1111.419 1110.84 1110.261 1110 1110 1110 1110 1110 1110 1110 1110 1110 1110.19 1111.13 1112.07 1113.009 1113.949 1114.888 1115.828 1116.768 1117.685 1118.576 1119.467 1120.497 1121.736 1122.975 1124.214 1125.453 1126.692 1127.931 1128.941 1129.766 1130.945 1132.264 1133.583 1134.902
-9999 -9999 -9999 -9999 -9999 -9999 -9999 -9999 -9999 1131.999 1130.349 1128.656 1126.963 1125.27 1123.577 1121.884 1120.137 1119.449 1118.855 1118.26 1117.665 1117.07 1116.475 1115.88 1115.284 1114.689 1114.093 1113.508 1112.918 1112.33 1111.751 1111.172 1110.593 1110.014 1110 1110 1110 1110 1110 1110 1110 1110 1110 1110 1110.755 1111.695 1112.634 1113.574 1114.514 1115.453 1116.393 1117.333 1118.288 1119.3 1120.393 1121.652 1122.866 1124.081 1125.295 1126.51 1127.739 1128.978 1130.125 1131.439 1132.749 1134.058 1135.368
-9999 -9999 -9999 -9999 -9999 -9999 -9999 -9999 -9999 -9999 1129.641 1127.968 1126.294 1124.62 1122.946 1121.273 1119.788 1119.2 1118.612 1118.024 1117.429 1116.834 1116.239 1115.644 1115.049 1114.453 1113.856 1113.269 1112.679 1112.089 1111.503 1110.924 1110.345 1110 1110 1110 1110 1110 1110 1110 1110 1110 1110 1110 1110.38 1111.32 1112.259 1113.252 1114.264 1115.277 1116.289 1117.301 1118.314 1119.326 1120.425 1121.697 1122.969 1124.24 1125.506 1126.721 1127.935 1129.149 1130.412 1131.786 1133.161 1134.521 1135.831
-9999 -9999 -9999 -9999 -9999 -9999 -9999 -9999 -9999 -9999 -9999 1127.485 1125.811 1124.138 1122.464 1120.79 1119.524 1118.936 1118.347 1117.759 1117.172 1116.584 1115.996 1115.408 1114.813 1114.217 1113.619 1113.03 1112.44 1111.85 1111.26 1110.677 1110.098 1110 1110 1110 1110 1110 1110 1110 1110 1110 1110 1110 1110.187 1111.253 1112.266 1113.278 1114.29 1115.303 1116.315 1117.327 1118.34 1119.352 1120.458 1121.729 1123.001 1124.273 1125.544 1126.816 1128.088 1129.359 1130.651 1132.025 1133.4 1134.774 1136.148
-9999 -9999 -9999 -9999 -9999 -9999 -9999 -9999 -9999 -9999 -9999 -9999 1125.329 1123.655 1121.981 1120.308 1119.259 1118.671 1118.083 1117.495 1116.907 1116.319 1115.731 1115.143 1114.555 1113.967 1113.382 1112.791 1112.201 1111.611 1111.021 1110.431 1110 1110 1110 1110 1110 1110 1110 1110 1110 1110 1110 1110 1110.088 1111.166 1112.244 1113.304 1114.316 1115.328 1116.341 1117.353 1118.365 1119.378 1120.49 1121.762 1123.033 1124.305 1125.577 1126.848 1128.124 1129.53 1130.984 1132.394 1133.769 1135.143 1136.518
-9999 -9999 -9999 -9999 -9999 -9999 -9999 -9999 -9999 -9999 -9999 -9999 -9999 1123.173 1121.499 1119.825 1118.995 1118.407 1117.819 1117.23 1116.642 1116.054 1115.466 1114.878 1114.29 1113.702 1113.116 1112.529 1111.942 1111.354 1110.765 1110.177 1110 1110 1110 1110 1110 1110 1110 1110 1110 1110 1110 1110 1110 1111.066 1112.144 1113.222 1114.3 1115.354 1116.366 1117.379 1118.391 1119.403 1120.522 1121.794 1123.066 1124.337 1125.609 1126.993 1128.398 1129.803 1131.272 1132.752 1134.161 1135.536 1136.91
-9999 -9999 -9999 -9999 -9999 -9999 -9999 -9999 -9999 -9999 -9999 -9999 -9999 -9999 1121.016 1119.343 1118.731 1118.142 1117.554 1116.966 1116.378 1115.789 1115.201 1114.613 1114.025 1113.437 1112.847 1112.262 1111.675 1111.088 1110.5 1110 1110 1110 1110 1110 1110 1110 1110 1110 1110 1110 1110 1110 1110 1110.967 1112.045 1113.123 1114.201 1115.279 1116.357 1117.405 1118.417 1119.429 1120.555 1121.826 1123.098 1124.456 1125.861 1127.267 1128.672 1130.081 1131.561 1133.04 1134.52 1135.928 1137.303
-9999 -9999 -9999 -9999 -9999 -9999 -9999 -9999 -9999 -9999 -9999 -9999 -9999 -9999 -9999 1119.796 1118.465 1117.878 1117.29 1116.702 1116.113 1115.525 1114.937 1114.349 1113.757 1113.161 1112.574 1111.989 1111.404 1110.819 1110.234 1110 1110 1110 1110 1110 1110 1110 1110 1110 1110 1110 1110 1110 1110 1110.868 1111.945 1113.023 1114.101 1115.179 1116.257 1117.335 1118.413 1119.455 1120.587 1121.92 1123.325 1124.73 1126.135 1127.54 1128.946 1130.369 1131.849 1133.329 1134.808 1136.288 1137.695
-9999 -9999 -9999 -9999 -9999 -9999 -9999 -9999 -9999 -9999 -9999 -9999 -9999 -9999 -9999 -9999 -9999 1117.599 1117.012 1116.424 1115.837 1115.249 1114.661 1114.073 1113.48 1112.886 1112.301 1111.716 1111.131 1110.543 1110 1110 1110 1110 1110 1110 1110 1110 1110 1110 1110 1110 1110 1110 1110 1110.714 1111.795 1112.876 1113.957 1115.039 1116.12 1117.201 1118.282 1119.383 1120.701 1122.14 1123.579 1125.004 1126.409 1127.814 1129.219 1130.658 1132.137 1133.617 1135.097 1136.576 1138.056
-9999 -9999 -9999 -9999 -9999 -9999 -9999 -9999 -9999 -9999 -9999 -9999 -9999 -9999 -9999 -9999 -9999 -9999 1116.953 1116.146 1115.558 1114.971 1114.383 1113.793 1113.202 1112.613 1112.026 1111.439 1110.851 1110.264 1110 1110 1110 1110 1110 1110 1110 1110 1110 1110 1110 1110 1110 1110 1110 1110.554 1111.635 1112.716 1113.797 1114.879 1115.96 1117.041 1118.211 1119.414 1120.738 1122.177 1123.616 1125.055 1126.494 1127.933 1129.477 1131.005 1132.481 1133.955 1135.428 1136.901 1138.374
-9999 -9999 -9999 -9999 -9999 -9999 -9999 -9999 -9999 -9999 -9999 -9999 -9999 -9999 -9999 -9999 -9999 -9999 -9999 1116.325 1115.453 1114.693 1114.105 1113.513 1112.922 1112.334 1111.746 1111.159 1110.571 1110 1110 1110 1110 1110 1110 1110 1110 1110 1110 1110 1110 1110 1110 1110 1110 1110.394 1111.475 1112.556 1113.638 1114.719 1115.836 1117.04 1118.243 1119.446 1120.776 1122.215 1123.654 1125.093 1126.597 1128.311 1130.021 1131.457 1132.906 1134.382 1135.858 1137.334 1138.809
-9999 -9999 -9999 -9999 -9999 -9999 -9999 -9999 -9999 -9999 -9999 -9999 -9999 -9999 -9999 -9999 -9999 -9999 -9999 -9999 -9999 1114.826 1113.825 1113.234 1112.625 1112.054 1111.467 1110.879 1110.292 1110 1110 1110 1110 1110 1110 1110 1110 1110 1110 1110 1110 1110 1110 1110 1110 1110.234 1111.315 1112.397 1113.478 1114.665 1115.868 1117.071 1118.274 1119.477 1120.813 1122.252 1123.716 1125.43 1127.144 1128.858 1130.479 1131.916 1133.353 1134.807 1136.283 1137.759 1139.235
-9999 -9999 -9999 -9999 -9999 -9999 -9999 -9999 -9999 -9999 -9999 -9999 -9999 -9999 -9999 -9999 -9999 -9999 -9999 -9999 -9999 -9999 1113.721 1112.954 1112.328 1111.75 1111.187 1110.599 1110.012 1110 1110 1110 1110 1110 1110 1110 1110 1110 1110 1110 1110 1110 1110 1110 1110 1110.074 1111.156 1112.29 1113.493 1114.696 1115.899 1117.102 1118.305 1119.508 1120.85 1122.55 1124.263 1125.977 1127.691 1129.405 1130.938 1132.375 1133.812 1135.249 1136.708 1138.184 1139.66
-9999 -9999 -9999 -9999 -9999 -9999 -9999 -9999 -9999 -9999 -9999 -9999 -9999 -9999 -9999 -9999 -9999 -9999 -9999 -9999 -9999 -9999 -9999 -9999 1112.031 1111.426 1110.907 1110.32 1110 1110 1110 1110 1110 1110 1110 1110 1110 1110 1110 1110 1110 1110 1110 1110 1110 1110 1111.129 1112.34 1113.55 1114.76 1115.97 1117.181 1118.391 1119.601 1121.219 1123.038 1124.811 1126.524 1128.238 1129.952 1131.397 1132.834 1134.27 1135.707 1137.144 1138.609 1140.108
-9999 -9999 -9999 -9999 -9999 -9999 -9999 -9999 -9999 -9999 -9999 -9999 -9999 -9999 -9999 -9999 -9999 -9999 -9999 -9999 -9999 -9999 -9999 -9999 -9999 1111.103 1110.628 1110.04 1110 1110 1110 1110 1110 1110 1110 1110 1110 1110 1110 1110 1110 1110 1110 1110 1110 1110.659 1111.531 1112.471 1113.681 1114.892 1116.102 1117.312 1118.522 1119.733 1121.417 1123.236 1125.055 1126.874 1128.693 1130.424 1131.855 1133.292 1134.729 1136.166 1137.603 1139.04 1140.651
-9999 -9999 -9999 -9999 -9999 -9999 -9999 -9999 -9999 -9999 -9999 -9999 -9999 -9999 -9999 -9999 -9999 -9999 -9999 -9999 -9999 -9999 -9999 -9999 -9999 -9999 -9999 -9999 1110 1110 1110.004 1110.01 1110.016 1110 1110 1110 1110 1110 1110 1110 1110 1110 1110 1110 1110.474 1111.347 1112.22 1113.092 1113.965 1115.023 1116.233 1117.444 1118.654 1119.864 1121.615 1123.434 1125.253 1127.071 1129.24 1130.991 1132.486 1133.91 1135.334 1136.757 1138.181 1139.604 1141.163
-9999 -9999 -9999 -9999 -9999 -9999 -9999 -9999 -9999 -9999 -9999 -9999 -9999 -9999 -9999 -9999 -9999 -9999 -9999 -9999 -9999 -9999 -9999 -9999 -9999 -9999 -9999 -9999 -9999 1110.068 1110.075 1110.081 1110.029 1110 1110 1110 1110 1110 1110 1110 1110 1110 1110 1110.29 1111.163 1112.035 1112.908 1113.781 1114.653 1115.526 1116.398 1117.575 1118.786 1119.996 1121.813 1123.631 1125.65 1127.838 1130.018 1131.536 1133.055 1134.549 1135.973 1137.397 1138.82 1140.276 1141.886
-9999 -9999 -9999 -9999 -9999 -9999 -9999 -9999 -9999 -9999 -9999 -9999 -9999 -9999 -9999 -9999 -9999 -9999 -9999 -9999 -9999 -9999 -9999 -9999 -9999 -9999 -9999 -9999 -9999 -9999 -9999 1110.152 1110 1110 1110 1110 1110 1110 1110 1110 1110 1110 1110 1110.899 1111.828 1112.724 1113.596 1114.469 1115.342 1116.214 1117.087 1117.959 1118.917 1120.191 1122.06 1124.248 1126.436 1128.623 1130.563 1132.082 1133.601 1135.12 1136.612 1138.036 1139.459 1140.999 1142.609
-9999 -9999 -9999 -9999 -9999 -9999 -9999 -9999 -9999 -9999 -9999 -9999 -9999 -9999 -9999 -9999 -9999 -9999 -9999 -9999 -9999 -9999 -9999 -9999 -9999 -9999 -9999 -9999 -9999 -9999 -9999 -9999 -9999 1110 1110 1110 1110 1110 1110 1110 1110 1110 1110 1110.86 1111.789 1112.718 1113.647 1114.576 1115.505 1116.434 1117.363 1118.292 1119.166 1120.586 1122.837 1125.034 1127.221 1129.409 1131.109 1132.627 1134.146 1135.665 1137.184 1138.675 1140.112 1141.722 1143.332
-9999 -9999 -9999 -9999 -9999 -9999 -9999 -9999 -9999 -9999 -9999 -9999 -9999 -9999 -9999 -9999 -9999 -9999 -9999 -9999 -9999 -9999 -9999 -9999 -9999 -9999 -9999 -9999 -9999 -9999 -9999 -9999 -9999 -9999 -9999 1110 1110 1110 1110 1110 1110 1110 1110 1110.82 1111.749 1112.678 1113.601 1114.473 1115.345 1116.217 1117.089 1117.963 1119.217 1120.998 1123.382 1125.633 1127.884 1130.089 1131.599 1133.122 1134.644 1136.167 1137.689 1139.212 1140.857 1142.472 1144.087
-9999 -9999 -9999 -9999 -9999 -9999 -9999 -9999 -9999 -9999 -9999 -9999 -9999 -9999 -9999 -9999 -9999 -9999 -9999 -9999 -9999 -9999 -9999 -9999 -9999 -9999 -9999 -9999 -9999 -9999 -9999 -9999 -9999 -9999 -9999 -9999 1110 1110 1110 1110 1110 1110 1110 1110.653 1111.525 1112.397 1113.269 1114.141 1115.013 1115.885 1116.895 1118.149 1119.404 1121.392 1123.926 1126.177 1128.429 1130.448 1131.933 1133.432 1134.954 1136.477 1137.999 1139.522 1141.293 1143.178 1144.948
-9999 -9999 -9999 -9999 -9999 -9999 -9999 -9999 -9999 -9999 -9999 -9999 -9999 -9999 -9999 -9999 -9999 -9999 -9999 -9999 -9999 -9999 -9999 -9999 -9999 -9999 -9999 -9999 -9999 -9999 -9999 -9999 -9999 -9999 -9999 -9999 -9999 -9999 1110 1110 1110 1110 1110 1110.32 1111.192 1112.064 1112.936 1113.808 1114.681 1115.827 1117.081 1118.335 1119.59 1121.786 1124.439 1126.722 1128.973 1130.807 1132.292 1133.776 1135.265 1136.787 1138.309 1139.832 1141.677 1143.562 1145.447
-9999 -9999 -9999 -9999 -9999 -9999 -9999 -9999 -9999 -9999 -9999 -9999 -9999 -9999 -9999 -9999 -9999 -9999 -9999 -9999 -9999 -9999 -9999 -9999 -9999 -9999 -9999 -9999 -9999 -9999 -9999 -9999 -9999 -9999 -9999 -9999 -9999 -9999 -9999 1110.019 1110 1110 1110 1110 1110.86 1111.732 1112.604 1113.504 1114.759 1116.013 1117.267 1118.521 1119.776 1122.179 1124.833 1127.267 1129.518 1131.167 1132.651 1134.135 1135.62 1137.104 1138.62 1140.176 1142.061 1143.946 1145.831
-9999 -9999 -9999 -9999 -9999 -9999 -9999 -9999 -9999 -9999 -9999 -9999 -9999 -9999 -9999 -9999 -9999 -9999 -9999 -9999 -9999 -9999 -9999 -9999 -9999 -9999 -9999 -9999 -9999 -9999 -9999 -9999 -9999 -9999 -9999 -9999 -9999 -9999 -9999 -9999 -9999 1110.063 1110.016 1110 1110.528 1111.4 1112.436 1113.69 1114.945 1116.199 1117.453 1118.708 1119.962 1122.573 1125.227 1127.812 1130.041 1131.526 1133.01 1134.495 1135.979 1137.464 1138.948 1140.56 1142.445 1144.33 1146.215
-9999 -9999 -9999 -9999 -9999 -9999 -9999 -9999 -9999 -9999 -9999 -9999 -9999 -9999 -9999 -9999 -9999 -9999 -9999 -9999 -9999 -9999 -9999 -9999 -9999 -9999 -9999 -9999 -9999 -9999 -9999 -9999 -9999 -9999 -9999 -9999 -9999 -9999 -9999 -9999 -9999 -9999 -9999 1110 1110.195 1111.368 1112.622 1113.877 1115.131 1116.385 1117.64 1118.894 1120.313 1122.967 1125.62 1128.274 1130.401 1131.885 1133.369 1134.854 1136.395 1137.943 1139.491 1141.222 1143.137 1144.979 1146.836
-9999 -9999 -9999 -9999 -9999 -9999 -9999 -9999 -9999 -9999 -9999 -9999 -9999 -9999 -9999 -9999 -9999 -9999 -9999 -9999 -9999 -9999 -9999 -9999 -9999 -9999 -9999 -9999 -9999 -9999 -9999 -9999 -9999 -9999 -9999 -9999 -9999 -9999 -9999 -9999 -9999 -9999 -9999 -9999 -9999 1111.603 1112.85 1114.097 1115.344 1116.59 1117.837 1119.084 1120.862 1123.483 1126.109 1128.734 1130.83 1132.378 1133.926 1135.474 1137.022 1138.57 1140.138 1141.948 1143.888 1145.801 1147.635
-9999 -9999 -9999 -9999 -9999 -9999 -9999 -9999 -9999 -9999 -9999 -9999 -9999 -9999 -9999 -9999 -9999 -9999 -9999 -9999 -9999 -9999 -9999 -9999 -9999 -9999 -9999 -9999 -9999 -9999 -9999 -9999 -9999 -9999 -9999 -9999 -9999 -9999 -9999 -9999 -9999 -9999 -9999 -9999 -9999 -9999 -9999 1114.279 1115.526 1116.773 1118.02 1119.313 1121.715 1124.225 1126.851 1129.476 1131.366 1133.004 1134.552 1136.1 1137.649 1139.197 1140.871 1142.681 1144.557 1146.554 1148.473
-9999 -9999 -9999 -9999 -9999 -9999 -9999 -9999 -9999 -9999 -9999 -9999 -9999 -9999 -9999 -9999 -9999 -9999 -9999 -9999 -9999 -9999 -9999 -9999 -9999 -9999 -9999 -9999 -9999 -9999 -9999 -9999 -9999 -9999 -9999 -9999 -9999 -9999 -9999 -9999 -9999 -9999 -9999 -9999 -9999 -9999 -9999 -9999 1144.853 1116.955 1118.202 1120.166 1122.568 1124.969 1127.593 1130.142 1131.848 1133.554 1135.179 1136.727 1138.275 1139.823 1141.604 1143.414 1145.227 1147.223 1149.22
-9999 -9999 -9999 -9999 -9999 -9999 -9999 -9999 -9999 -9999 -9999 -9999 -9999 -9999 -9999 -9999 -9999 -9999 -9999 -9999 -9999 -9999 -9999 -9999 -9999 -9999 -9999 -9999 -9999 -9999 -9999 -9999 -9999 -9999 -9999 -9999 -9999 -9999 -9999 -9999 -9999 -9999 -9999 -9999 -9999 -9999 -9999 -9999 -9999 -9999 1119.409 1121.019 1123.42 1125.822 1128.334 1130.624 1132.33 1134.036 1135.743 1137.354 1138.902 1140.526 1142.337 1144.147 1145.957 1147.893 1149.889
