examples/mechanics/RockFall/data/dem.asc
ncols         224
nrows         161
xllcorner     891318.69
yllcorner     328987.38
cellsize      2.5
NODATA_value  -9999
[rows 90 to 119 of 161, columns 67 to 133 of 224]
1152.555 1154.604 1155.021 1156.064 1158.176 1160.157 1161.708 1163.075 1164.442 1165.808 1167.189 1168.57 1169.952 1172.495 1174.895 1177.294 1179.693 1181.461 1183.136 1184.775 1186.384 1187.993 1189.602 1190.917 1192.135 1193.356 1195.319 1197.345 1199.37 1201.319 1203.217 1205.114 1207.012 1210.69 1213.707 1216.72 1217.447 1218.978 1220.896 1222.418 1223.691 1224.974 1226.277 1227.476 1228.508 1229.641 1230.587 1231.387 1232.356 1233.435 1234.504 1235.573 1236.642 1237.738 1239.313 1241.218 1242.55 1244.076 1245.602 1246.882 1248.59 1250.466 1251.918 1253.535 1254.922 1255.5 1256.572
1153.274 1154.511 1154.908 1156.417 1158.428 1160.363 1162.009 1163.656 1165.219 1166.586 1167.952 1169.319 1170.854 1172.836 1175.235 1177.635 1180.023 1181.699 1183.375 1185.05 1186.711 1188.32 1189.929 1191.165 1192.37 1193.608 1194.936 1196.962 1198.987 1201.013 1203.038 1205.064 1207.741 1211.67 1214.722 1217.772 1218.88 1220.063 1221.595 1223.128 1224.66 1225.968 1227.241 1228.514 1229.756 1230.667 1231.516 1232.414 1233.288 1234.255 1235.377 1236.448 1237.517 1238.603 1240.242 1241.748 1243.347 1244.627 1245.908 1247.188 1248.816 1250.627 1252.516 1254.309 1256.086 1257.37 1258.482
1153.829 1153.978 1155.22 1156.992 1158.68 1160.569 1162.215 1163.862 1165.508 1167.154 1168.73 1170.12 1171.822 1173.524 1175.576 1177.975 1180.261 1181.937 1183.613 1185.288 1186.964 1188.639 1190.195 1191.394 1192.588 1193.859 1195.13 1196.578 1198.604 1200.629 1202.655 1204.68 1208.659 1212.281 1215.456 1218.63 1220.14 1220.718 1222.292 1223.827 1225.359 1226.892 1228.246 1229.518 1230.607 1231.583 1232.451 1233.301 1234.241 1235.188 1236.154 1237.276 1238.392 1239.467 1241.063 1242.372 1243.653 1244.933 1246.214 1247.494 1249.042 1250.834 1252.727 1254.504 1256.285 1258.073 1259.904
1153.758 1154.152 1155.809 1157.462 1159.116 1160.752 1162.386 1164.023 1165.66 1167.297 1168.934 1170.709 1172.741 1174.492 1176.194 1178.316 1180.5 1182.175 1183.851 1185.526 1187.204 1188.893 1190.417 1191.608 1192.839 1194.11 1195.381 1196.652 1198.22 1200.246 1202.271 1205.446 1209.578 1212.867 1215.946 1219.037 1220.825 1221.254 1222.95 1224.491 1226.031 1227.571 1229.112 1230.401 1231.377 1232.353 1233.33 1234.236 1235.086 1236.068 1237.078 1238.052 1239.175 1240.287 1241.398 1242.678 1243.959 1245.239 1246.52 1247.8 1249.267 1251.103 1252.922 1254.703 1256.467 1258.105 1259.873
1153.699 1154.654 1155.957 1157.61 1159.263 1160.896 1162.513 1164.13 1165.746 1167.363 1168.996 1170.786 1172.818 1174.851 1176.883 1178.864 1180.738 1182.421 1184.111 1185.8 1187.489 1189.179 1190.629 1191.822 1193.091 1194.362 1195.633 1196.904 1198.175 1199.863 1202.233 1206.391 1210.473 1213.198 1216.319 1219.437 1221.359 1221.693 1223.451 1225.204 1226.881 1228.421 1229.961 1231.031 1232.084 1233.122 1234.1 1235.076 1236.021 1236.885 1237.895 1238.905 1239.951 1241.034 1242.115 1243.196 1244.277 1245.545 1246.826 1248.106 1249.493 1251.34 1253.12 1254.832 1256.47 1258.108 1259.842
1154.096 1155.254 1156.411 1157.757 1159.411 1161.041 1162.657 1164.274 1165.89 1167.523 1169.264 1171.179 1173.221 1175.264 1177.306 1179.349 1181.136 1182.662 1184.333 1186.03 1187.726 1189.423 1190.835 1192.071 1193.342 1194.613 1195.884 1197.155 1198.426 1199.708 1203.34 1207.734 1211.301 1213.951 1216.6 1219.674 1221.727 1221.962 1223.752 1225.542 1227.332 1229.122 1230.557 1231.614 1232.671 1233.729 1234.769 1235.806 1236.823 1237.799 1238.712 1239.722 1240.865 1241.922 1242.946 1243.97 1245.024 1246.105 1247.186 1248.412 1249.719 1251.537 1253.196 1254.834 1256.472 1258.11 1259.811
1154.911 1155.911 1157.012 1158.164 1159.558 1161.185 1162.801 1164.517 1166.258 1168 1169.741 1171.738 1173.78 1175.823 1177.867 1179.911 1181.601 1183.211 1184.74 1186.261 1187.902 1189.599 1191.053 1192.539 1193.829 1195.119 1196.41 1197.7 1198.99 1200.714 1204.163 1208.479 1211.683 1214.44 1217.198 1219.987 1222.214 1222.41 1224.25 1226.107 1227.976 1229.845 1231.077 1232.207 1233.255 1234.312 1235.369 1236.416 1237.454 1238.491 1239.528 1240.637 1241.831 1242.992 1244.016 1245.04 1246.064 1247.089 1248.113 1249.137 1250.163 1251.56 1253.198 1254.837 1256.475 1258.113 1259.781
1155.941 1156.7 1157.763 1158.865 1159.966 1161.583 1163.252 1164.994 1166.735 1168.476 1170.255 1172.298 1174.341 1176.385 1178.428 1180.387 1182.061 1183.734 1185.286 1186.815 1188.344 1189.86 1191.462 1192.964 1194.402 1195.692 1196.983 1198.273 1199.563 1202.172 1205.454 1209.265 1212.083 1214.881 1217.678 1220.542 1222.79 1222.907 1224.982 1226.851 1228.72 1230.37 1231.544 1232.718 1233.86 1234.909 1235.958 1237.01 1238.064 1239.101 1240.179 1241.522 1242.798 1243.992 1245.086 1246.11 1247.135 1248.159 1249.183 1250.21 1251.251 1252.307 1253.421 1254.839 1256.477 1258.115 1259.754
1157.484 1157.729 1158.514 1159.615 1160.961 1162.514 1164.254 1165.926 1167.589 1169.252 1170.943 1172.859 1174.903 1176.946 1178.99 1180.847 1182.521 1184.194 1185.832 1187.361 1188.89 1190.416 1191.867 1193.369 1194.871 1196.266 1197.556 1198.846 1200.347 1203.63 1206.912 1210.203 1212.831 1215.458 1218.167 1221.022 1223.192 1223.218 1225.423 1227.595 1229.464 1230.837 1232.011 1233.186 1234.36 1235.514 1236.563 1237.611 1238.66 1239.708 1240.969 1242.312 1243.655 1244.958 1246.152 1247.181 1248.205 1249.229 1250.257 1251.298 1252.339 1253.38 1254.463 1255.577 1256.754 1258.118 1259.756
-9999 -9999 1160.362 1160.491 1161.967 1163.444 1165.153 1166.894 1168.607 1170.278 1171.991 1173.704 1175.464 1177.508 1179.552 1181.307 1182.98 1184.654 1186.328 1187.907 1189.436 1190.948 1192.38 1193.811 1195.276 1196.779 1198.129 1199.419 1201.805 1205.088 1208.177 1210.978 1213.616 1216.202 1218.778 1221.422 1223.687 1223.713 1225.828 1228.008 1230.128 1231.304 1232.479 1233.653 1234.827 1236.001 1237.168 1238.216 1239.265 1240.403 1241.75 1243.098 1244.445 1245.788 1247.119 1248.251 1249.275 1250.304 1251.345 1252.386 1253.427 1254.468 1255.509 1256.619 1257.733 1258.846 1260.145
-9999 -9999 -9999 -9999 1163.419 1164.45 1166.053 1167.793 1169.518 1171.246 1172.991 1174.736 1176.465 1178.178 1180.093 1181.766 1183.44 1185.114 1186.788 1188.453 1190.049 1191.481 1192.912 1194.344 1195.775 1197.206 1198.686 1199.992 1203.221 1206.098 1208.986 1211.632 1214.105 1216.681 1219.257 1221.925 1224.328 1224.354 1226.37 1228.583 1230.533 1231.836 1233.04 1234.182 1235.324 1236.469 1237.643 1238.817 1239.87 1241.18 1242.528 1243.875 1245.223 1246.57 1247.918 1249.264 1250.35 1251.391 1252.432 1253.473 1254.514 1255.555 1256.596 1257.661 1258.775 1259.888 1261.368
-9999 -9999 -9999 -9999 -9999 -9999 1166.952 1168.635 1170.297 1172.054 1173.825 1175.57 1177.315 1179.06 1180.713 1182.317 1183.986 1185.655 1187.324 1188.997 1190.594 1192.025 1193.455 1194.885 1196.315 1197.745 1199.253 1201.08 1204.016 1206.927 1209.815 1212.366 1214.776 1217.185 1219.736 1222.45 1224.892 1224.911 1226.932 1229.33 1230.938 1232.241 1233.544 1234.789 1235.931 1237.073 1238.215 1239.357 1240.549 1241.884 1243.222 1244.561 1245.899 1247.237 1248.575 1249.913 1251.26 1252.327 1253.416 1254.506 1255.595 1256.643 1257.684 1258.725 1259.817 1261.271 1262.791
-9999 -9999 -9999 -9999 -9999 -9999 -9999 -9999 1171.085 1172.86 1174.635 1176.403 1178.148 1179.894 1181.45 1182.994 1184.595 1186.264 1187.933 1189.66 1191.145 1192.575 1194.005 1195.735 1197.477 1199.219 1200.961 1202.703 1204.631 1207.425 1210.361 1213.118 1215.695 1218.08 1220.478 1223.025 1225.157 1225.11 1227.678 1230.041 1231.344 1232.646 1233.949 1235.252 1236.538 1237.68 1238.822 1239.964 1241.216 1242.484 1243.822 1245.16 1246.499 1247.837 1249.175 1250.517 1251.864 1253.168 1254.222 1255.286 1256.375 1257.465 1258.554 1259.644 1261.166 1262.693 1264.214
-9999 -9999 -9999 -9999 -9999 -9999 -9999 -9999 -9999 -9999 1175.447 1177.217 1178.982 1180.643 1182.188 1183.732 1185.276 1186.873 1188.566 1190.256 1192.218 1193.96 1195.702 1197.443 1199.185 1200.927 1202.669 1204.411 1206.282 1208.218 1210.816 1213.552 1216.289 1219.025 1221.528 1223.923 1225.293 1225.779 1228.324 1230.444 1231.749 1233.052 1234.354 1235.657 1236.96 1238.262 1239.429 1240.628 1241.884 1243.139 1244.422 1245.76 1247.099 1248.437 1249.775 1251.12 1252.467 1253.814 1255.069 1256.124 1257.178 1258.245 1259.335 1260.685 1262.446 1264.098 1265.631
-9999 -9999 -9999 -9999 -9999 -9999 -9999 -9999 -9999 -9999 -9999 -9999 1179.819 1181.368 1182.84 1184.387 1185.934 1187.48 1188.992 1190.572 1192.29 1194.537 1196.784 1199.031 1200.894 1202.636 1204.378 1206.12 1207.933 1209.869 1211.696 1214.019 1216.463 1219.164 1221.854 1224.492 1225.228 1226.362 1228.862 1230.705 1232 1233.301 1234.625 1235.949 1237.272 1238.596 1239.92 1241.296 1242.551 1243.807 1245.062 1246.36 1247.698 1249.037 1250.377 1251.724 1253.071 1254.418 1255.765 1256.971 1258.025 1259.08 1260.23 1261.946 1263.707 1265.467 1267.03
-9999 -9999 -9999 -9999 -9999 -9999 -9999 -9999 -9999 -9999 -9999 -9999 -9999 1182.248 1183.827 1185.176 1186.516 1187.926 1189.405 1190.892 1192.493 1194.325 1196.572 1198.819 1201.066 1203.313 1205.56 1207.807 1209.584 1211.155 1213.037 1215.361 1217.425 1219.288 1222.031 1224.767 1224.969 1226.887 1229.379 1230.973 1232.268 1233.563 1234.857 1236.159 1237.482 1238.806 1240.141 1241.587 1243.032 1244.474 1245.73 1246.985 1248.298 1249.636 1250.981 1252.328 1253.675 1255.022 1256.369 1257.716 1258.873 1259.927 1261.685 1263.445 1265.053 1266.729 1268.428
-9999 -9999 -9999 -9999 -9999 -9999 -9999 -9999 -9999 -9999 -9999 -9999 -9999 -9999 -9999 1185.593 1187.645 1188.621 1190.077 1191.494 1192.813 1194.414 1196.359 1198.606 1200.853 1203.1 1205.347 1207.594 1210.496 1212.318 1214.219 1215.996 1217.773 1219.631 1222.216 1224.415 1224.539 1227.181 1229.814 1231.24 1232.536 1233.83 1235.125 1236.42 1237.714 1239.016 1240.37 1241.816 1243.261 1244.706 1246.151 1247.596 1248.908 1250.238 1251.585 1252.932 1254.279 1255.626 1256.973 1258.32 1259.667 1261.33 1263.14 1264.951 1266.618 1268.226 1269.833
-9999 -9999 -9999 -9999 -9999 -9999 -9999 -9999 -9999 -9999 -9999 -9999 -9999 -9999 -9999 -9999 -9999 1189.44 1190.726 1192.143 1193.56 1194.841 1196.334 1198.393 1200.64 1202.887 1205.134 1208.656 1211.16 1212.908 1214.535 1216.332 1218.121 1220.33 1222.628 1223.966 1224.64 1227.227 1229.814 1231.297 1232.696 1234.084 1235.38 1236.676 1237.972 1239.267 1240.628 1242.072 1243.517 1244.961 1246.405 1247.85 1249.359 1250.913 1252.272 1253.629 1254.986 1256.344 1257.701 1259.058 1260.624 1262.64 1264.556 1266.406 1268.184 1269.791 1271.112
-9999 -9999 -9999 -9999 -9999 -9999 -9999 -9999 -9999 -9999 -9999 -9999 -9999 -9999 -9999 -9999 -9999 -9999 -9999 1192.792 1194.209 1195.609 1196.871 1198.255 1200.427 1202.736 1206.343 1209.951 1211.733 1213.368 1214.994 1216.619 1218.494 1220.825 1223.154 1223.733 1224.918 1227.228 1229.814 1231.297 1232.696 1234.094 1235.492 1236.89 1238.224 1239.52 1240.909 1242.354 1243.816 1245.331 1246.846 1248.36 1249.875 1251.595 1253.024 1254.386 1255.745 1257.102 1258.459 1259.816 1261.765 1263.806 1265.773 1267.689 1269.605 1271.078 1272.356
-9999 -9999 -9999 -9999 -9999 -9999 -9999 -9999 -9999 -9999 -9999 -9999 -9999 -9999 -9999 -9999 -9999 -9999 -9999 -9999 -9999 1196.276 1197.64 1198.901 1200.432 1204.039 1207.647 1210.565 1212.193 1213.827 1215.433 1217.024 1218.693 1221.124 1223.389 1223.479 1225.299 1227.574 1229.854 1231.329 1232.739 1234.149 1235.559 1236.969 1238.379 1239.789 1241.303 1242.818 1244.332 1245.847 1247.361 1248.876 1250.448 1252.187 1253.737 1255.135 1256.497 1257.858 1259.218 1260.864 1262.906 1264.947 1266.988 1268.906 1270.653 1272.174 1273.6
-9999 -9999 -9999 -9999 -9999 -9999 -9999 -9999 -9999 -9999 -9999 -9999 -9999 -9999 -9999 -9999 -9999 -9999 -9999 -9999 -9999 -9999 -9999 1200.703 1202.802 1205.522 1209.124 1211.229 1212.772 1214.287 1215.741 1217.333 1218.808 1221.273 1222.997 1223.219 1225.611 1228.003 1230.239 1231.684 1233.129 1234.569 1235.979 1237.389 1238.799 1240.236 1241.819 1243.334 1244.848 1246.363 1247.877 1249.392 1251.041 1252.779 1254.448 1255.85 1257.245 1258.607 1259.969 1261.834 1263.948 1266.061 1268.129 1270.097 1271.619 1273.14 1274.661
-9999 -9999 -9999 -9999 -9999 -9999 -9999 -9999 -9999 -9999 -9999 -9999 -9999 -9999 -9999 -9999 -9999 -9999 -9999 -9999 -9999 -9999 -9999 -9999 -9999 1207.375 1210.233 1211.707 1213.222 1214.733 1216.169 1217.641 1219.105 1221.102 1222.753 1223.546 1226.136 1228.544 1230.566 1232.011 1233.456 1234.901 1236.347 1237.792 1239.22 1240.711 1242.302 1243.849 1245.364 1246.879 1248.393 1249.908 1251.633 1253.372 1255.11 1256.561 1257.963 1259.356 1260.961 1262.782 1264.688 1266.802 1268.915 1270.854 1272.574 1274.101 1275.627
-9999 -9999 -9999 -9999 -9999 -9999 -9999 -9999 -9999 -9999 -9999 -9999 -9999 -9999 -9999 -9999 -9999 -9999 -9999 -9999 -9999 -9999 -9999 -9999 -9999 -9999 -9999 1212.3 1213.752 1215.194 1216.63 1218.065 1219.933 1222.355 1222.763 1224.198 1226.624 1229.055 1230.893 1232.336 1233.776 1235.216 1236.656 1238.097 1239.537 1241.174 1242.776 1244.365 1245.88 1247.395 1248.909 1250.486 1252.225 1253.964 1255.703 1257.271 1258.673 1260.091 1261.875 1263.784 1265.605 1267.542 1269.656 1271.47 1273.226 1274.982 1276.571
-9999 -9999 -9999 -9999 -9999 -9999 -9999 -9999 -9999 -9999 -9999 -9999 -9999 -9999 -9999 -9999 -9999 -9999 -9999 -9999 -9999 -9999 -9999 -9999 -9999 -9999 -9999 -9999 1214.035 1215.805 1217.225 1218.622 1220.585 1222.857 1222.837 1224.825 1227.115 1229.404 1231.087 1232.556 1234.025 1235.494 1236.937 1238.377 1239.817 1241.511 1243.241 1244.842 1246.396 1247.91 1249.425 1251.079 1252.817 1254.556 1256.295 1257.982 1259.384 1260.946 1262.631 1264.477 1266.446 1268.415 1270.329 1272.086 1273.842 1275.598 1277.354
-9999 -9999 -9999 -9999 -9999 -9999 -9999 -9999 -9999 -9999 -9999 -9999 -9999 -9999 -9999 -9999 -9999 -9999 -9999 -9999 -9999 -9999 -9999 -9999 -9999 -9999 -9999 -9999 -9999 -9999 1216.861 1219.163 1221.176 1222.882 1223.159 1225.195 1227.352 1229.641 1231.239 1232.708 1234.177 1235.646 1237.115 1238.609 1240.128 1241.848 1243.578 1245.309 1246.907 1248.426 1249.941 1251.671 1253.41 1255.148 1256.887 1258.626 1260.115 1261.8 1263.486 1265.172 1267.079 1269.048 1270.845 1272.542 1274.306 1276.07 1277.834
-9999 -9999 -9999 -9999 -9999 -9999 -9999 -9999 -9999 -9999 -9999 -9999 -9999 -9999 -9999 -9999 -9999 -9999 -9999 -9999 -9999 -9999 -9999 -9999 -9999 -9999 -9999 -9999 -9999 -9999 -9999 -9999 1220.831 1222.746 1223.648 1225.689 1227.787 1229.878 1231.415 1232.918 1234.422 1235.925 1237.428 1238.932 1240.497 1242.212 1243.927 1245.646 1247.377 1248.942 1250.524 1252.263 1254.002 1255.741 1257.479 1259.225 1260.968 1262.655 1264.341 1266.026 1267.712 1269.681 1271.37 1273.006 1274.694 1276.458 1278.223
-9999 -9999 -9999 -9999 -9999 -9999 -9999 -9999 -9999 -9999 -9999 -9999 -9999 -9999 -9999 -9999 -9999 -9999 -9999 -9999 -9999 -9999 -9999 -9999 -9999 -9999 -9999 -9999 -9999 -9999 -9999 -9999 -9999 -9999 1224.341 1226.114 1228.051 1230.107 1231.633 1233.193 1234.745 1236.248 1237.751 1239.255 1240.865 1242.58 1244.295 1246.01 1247.726 1249.444 1251.117 1252.883 1254.667 1256.45 1258.234 1260.018 1261.757 1263.48 1265.174 1266.868 1268.562 1270.26 1271.896 1273.531 1275.167 1276.846 1278.611
-9999 -9999 -9999 -9999 -9999 -9999 -9999 -9999 -9999 -9999 -9999 -9999 -9999 -9999 -9999 -9999 -9999 -9999 -9999 -9999 -9999 -9999 -9999 -9999 -9999 -9999 -9999 -9999 -9999 -9999 -9999 -9999 -9999 -9999 -9999 -9999 1227.939 1230.297 1231.823 1233.349 1234.907 1236.468 1238.029 1239.578 1241.234 1242.952 1244.671 1246.39 1248.109 1249.831 1251.644 1253.676 1255.459 1257.243 1259.027 1260.791 1262.53 1264.269 1265.992 1267.686 1269.38 1270.981 1272.532 1274.116 1275.7 1277.328 1278.999
-9999 -9999 -9999 -9999 -9999 -9999 -9999 -9999 -9999 -9999 -9999 -9999 -9999 -9999 -9999 -9999 -9999 -9999 -9999 -9999 -9999 -9999 -9999 -9999 -9999 -9999 -9999 -9999 -9999 -9999 -9999 -9999 -9999 -9999 -9999 -9999 -9999 -9999 1232.062 1233.539 1235.064 1236.622 1238.183 1239.747 1241.628 1243.348 1245.067 1246.786 1248.505 1250.242 1251.993 1253.898 1255.974 1258.036 1259.82 1261.564 1263.303 1265.042 1266.781 1268.504 1270.181 1271.729 1273.277 1274.825 1276.405 1277.99 1279.574
-9999 -9999 -9999 -9999 -9999 -9999 -9999 -9999 -9999 -9999 -9999 -9999 -9999 -9999 -9999 -9999 -9999 -9999 -9999 -9999 -9999 -9999 -9999 -9999 -9999 -9999 -9999 -9999 -9999 -9999 -9999 -9999 -9999 -9999 -9999 -9999 -9999 -9999 -9999 -9999 -9999 1236.722 1238.341 1239.906 1241.82 1243.743 1245.462 1247.182 1248.903 1250.654 1252.404 1254.154 1256.151 1258.228 1260.296 1262.312 1264.076 1265.815 1267.554 1269.293 1270.932 1272.476 1274.024 1275.573 1277.121 1278.695 1280.342
